line(100,100,200,200);

line(100,100,100,200);

line(100,200,200,200);


triangle(100,100,200,200,100,200);

ellipse(200,200,300,150);

ellipse(200,200,150,150);

ellipse(200,200,10,100);

ellipse(200,200,100,10);




ellipse(200,200,225,175);

line(200,200,250,250);
line(200,200,275,200);
line(200,200,250,150);

line(315,200,375,250);
line(315,200,390,200);
line(315,200,375,150);

line(200,285,200,350);
line(225,285,225,350);

line(45,100,100,165);
line(50,75,110,145);

ellipse(50,80,70,50);

ellipse(50,80,20,20);

line(20,67,-10,90);
line(23,97,-10,80);

line(200,350,190,355);
line(200,350,190,350);
line(200,350,190,345);

line(225,350,215,355);
line(225,350,215,350);
line(225,350,215,345);